Iteration 0:
Best cost: 24005
Best path: 92 31 81 82 29 90 77 79 45 20 75 38 3 66 16 53 5 15 2 48 42 9 33 17 11 32 65 59 70 27 73 8 97 43 19 93 23 10 25 4 40 30 88 47 87 67 39 56 95 13 26 72 36 14 60 50 98 21 1 7 61 34 37 55 12 18 58 41 6 24 63 78 28 22 52 80 35 71 49 68 69 83 54 0 64 44 99 46 74 51 62 57 89 76 85 84 91 86 96 94 
Time consumed: 15 ms

Iteration 1:
Best cost: 24005
Best path: 92 31 81 82 29 90 77 79 45 20 75 38 3 66 16 53 5 15 2 48 42 9 33 17 11 32 65 59 70 27 73 8 97 43 19 93 23 10 25 4 40 30 88 47 87 67 39 56 95 13 26 72 36 14 60 50 98 21 1 7 61 34 37 55 12 18 58 41 6 24 63 78 28 22 52 80 35 71 49 68 69 83 54 0 64 44 99 46 74 51 62 57 89 76 85 84 91 86 96 94 
Time consumed: 16 ms

Iteration 2:
Best cost: 24005
Best path: 92 31 81 82 29 90 77 79 45 20 75 38 3 66 16 53 5 15 2 48 42 9 33 17 11 32 65 59 70 27 73 8 97 43 19 93 23 10 25 4 40 30 88 47 87 67 39 56 95 13 26 72 36 14 60 50 98 21 1 7 61 34 37 55 12 18 58 41 6 24 63 78 28 22 52 80 35 71 49 68 69 83 54 0 64 44 99 46 74 51 62 57 89 76 85 84 91 86 96 94 
Time consumed: 18 ms

Iteration 3:
Best cost: 24005
Best path: 92 31 81 82 29 90 77 79 45 20 75 38 3 66 16 53 5 15 2 48 42 9 33 17 11 32 65 59 70 27 73 8 97 43 19 93 23 10 25 4 40 30 88 47 87 67 39 56 95 13 26 72 36 14 60 50 98 21 1 7 61 34 37 55 12 18 58 41 6 24 63 78 28 22 52 80 35 71 49 68 69 83 54 0 64 44 99 46 74 51 62 57 89 76 85 84 91 86 96 94 
Time consumed: 16 ms

Iteration 4:
Best cost: 24005
Best path: 92 31 81 82 29 90 77 79 45 20 75 38 3 66 16 53 5 15 2 48 42 9 33 17 11 32 65 59 70 27 73 8 97 43 19 93 23 10 25 4 40 30 88 47 87 67 39 56 95 13 26 72 36 14 60 50 98 21 1 7 61 34 37 55 12 18 58 41 6 24 63 78 28 22 52 80 35 71 49 68 69 83 54 0 64 44 99 46 74 51 62 57 89 76 85 84 91 86 96 94 
Time consumed: 23 ms

Iteration 5:
Best cost: 24005
Best path: 92 31 81 82 29 90 77 79 45 20 75 38 3 66 16 53 5 15 2 48 42 9 33 17 11 32 65 59 70 27 73 8 97 43 19 93 23 10 25 4 40 30 88 47 87 67 39 56 95 13 26 72 36 14 60 50 98 21 1 7 61 34 37 55 12 18 58 41 6 24 63 78 28 22 52 80 35 71 49 68 69 83 54 0 64 44 99 46 74 51 62 57 89 76 85 84 91 86 96 94 
Time consumed: 13 ms

Iteration 6:
Best cost: 24005
Best path: 92 31 81 82 29 90 77 79 45 20 75 38 3 66 16 53 5 15 2 48 42 9 33 17 11 32 65 59 70 27 73 8 97 43 19 93 23 10 25 4 40 30 88 47 87 67 39 56 95 13 26 72 36 14 60 50 98 21 1 7 61 34 37 55 12 18 58 41 6 24 63 78 28 22 52 80 35 71 49 68 69 83 54 0 64 44 99 46 74 51 62 57 89 76 85 84 91 86 96 94 
Time consumed: 12 ms

Iteration 7:
Best cost: 24005
Best path: 92 31 81 82 29 90 77 79 45 20 75 38 3 66 16 53 5 15 2 48 42 9 33 17 11 32 65 59 70 27 73 8 97 43 19 93 23 10 25 4 40 30 88 47 87 67 39 56 95 13 26 72 36 14 60 50 98 21 1 7 61 34 37 55 12 18 58 41 6 24 63 78 28 22 52 80 35 71 49 68 69 83 54 0 64 44 99 46 74 51 62 57 89 76 85 84 91 86 96 94 
Time consumed: 11 ms

Iteration 8:
Best cost: 24005
Best path: 92 31 81 82 29 90 77 79 45 20 75 38 3 66 16 53 5 15 2 48 42 9 33 17 11 32 65 59 70 27 73 8 97 43 19 93 23 10 25 4 40 30 88 47 87 67 39 56 95 13 26 72 36 14 60 50 98 21 1 7 61 34 37 55 12 18 58 41 6 24 63 78 28 22 52 80 35 71 49 68 69 83 54 0 64 44 99 46 74 51 62 57 89 76 85 84 91 86 96 94 
Time consumed: 11 ms

Iteration 9:
Best cost: 24005
Best path: 92 31 81 82 29 90 77 79 45 20 75 38 3 66 16 53 5 15 2 48 42 9 33 17 11 32 65 59 70 27 73 8 97 43 19 93 23 10 25 4 40 30 88 47 87 67 39 56 95 13 26 72 36 14 60 50 98 21 1 7 61 34 37 55 12 18 58 41 6 24 63 78 28 22 52 80 35 71 49 68 69 83 54 0 64 44 99 46 74 51 62 57 89 76 85 84 91 86 96 94 
Time consumed: 12 ms

